%YAML:1.0
---
_120: !!opencv-object-detector-hog
   winSize: [ 48, 48 ]
   blockSize: [ 16, 16 ]
   blockStride: [ 8, 8 ]
   cellSize: [ 8, 8 ]
   nbins: 9
   derivAperture: 1
   winSigma: 4.
   histogramNormType: 0
   L2HysThreshold: 2.0000000000000001e-01
   gammaCorrection: 1
   nlevels: 64
   signedGradient: 0
   SVMDetector: [ 1.04507226e-02, 2.00074669e-02, 2.91463803e-03,
       -2.55264086e-03, -5.04280627e-03, -2.20159837e-03, 4.91900137e-03,
       8.82675312e-03, 6.74454449e-03, -1.22793042e-03, 6.20026235e-03,
       7.44156633e-03, -5.97613514e-04, -1.63144059e-03, -7.01442244e-04,
       -9.37171862e-05, 2.99871928e-04, -3.91681725e-03, -9.98883042e-04,
       1.31291207e-02, -5.07582910e-04, -1.09622981e-02, 1.89654506e-03,
       2.42724037e-03, 3.98426736e-03, 3.48816137e-03, -6.48282468e-04,
       1.46690430e-03, 3.87465319e-04, -1.76882779e-03, 2.76827626e-03,
       1.47213684e-02, 8.15113913e-03, 5.32947946e-03, 4.76780580e-03,
       4.93008352e-04, -3.98937240e-02, -1.81626622e-02, -2.99317334e-02,
       -4.88252053e-03, -4.94852848e-03, -3.16338241e-03,
       -5.35715977e-03, -3.46334348e-03, -7.65808625e-03,
       -2.36132778e-02, -1.97427459e-02, -1.79896522e-02,
       -4.03398601e-03, -5.87265566e-03, -5.92007488e-03,
       -7.17350654e-03, 1.97752891e-03, -1.38592282e-02, 2.05468573e-02,
       -2.01573707e-02, -2.06781663e-02, 1.33473314e-02, 2.97105759e-02,
       1.56547409e-02, 2.25004777e-02, 6.84001073e-02, 5.58550060e-02,
       1.04729878e-02, -2.34922729e-02, -1.17180618e-02, 7.03799864e-03,
       1.26355439e-02, 1.10753244e-02, 4.65614386e-02, 1.43459350e-01,
       1.06923275e-01, 4.44454234e-03, -1.03128785e-02, -7.51530798e-03,
       -8.59057531e-03, -8.68712272e-03, -5.81886433e-03,
       -6.21978613e-03, -1.23705940e-05, -2.20163446e-03,
       -2.27191648e-03, -1.58765744e-02, -1.07803075e-02,
       -1.11146308e-02, -1.43660204e-02, -7.03166937e-03,
       -1.00598997e-02, -9.53799393e-03, 7.01566134e-03, 2.47161668e-02,
       -4.18019518e-02, -4.61006500e-02, -1.30080860e-02,
       -7.24894740e-03, -5.33763366e-03, 2.51952037e-02, 1.38043121e-01,
       8.50054920e-02, -1.89820863e-02, -8.66855532e-02, -8.58163536e-02,
       -3.44124027e-02, -2.62015034e-02, -2.24061981e-02,
       -1.54812476e-02, 2.65489314e-02, 2.38242745e-02, -1.04027260e-02,
       -3.71090160e-03, -3.40642128e-03, -5.47147077e-03,
       -8.07607919e-03, -6.57621725e-03, -2.27411604e-03, 2.92803925e-02,
       2.34481804e-02, -5.18565392e-03, -1.11769652e-03, -3.41801997e-03,
       -6.48512645e-03, -8.82864278e-03, -9.53194499e-03, 1.21672610e-02,
       2.02594753e-02, -2.55362503e-03, -2.38663927e-02, -5.69967255e-02,
       -4.99561839e-02, -2.96526253e-02, -3.18799354e-02,
       -2.48746090e-02, -7.29414681e-03, 2.20369622e-02, 2.02085841e-02,
       -3.96001851e-03, -2.87039485e-03, -6.56551123e-03,
       -1.51309622e-02, -2.33747344e-02, -2.18233410e-02, 1.85470674e-02,
       1.71127915e-02, -1.22704264e-03, 1.48940855e-03, -1.23466330e-03,
       -1.13687967e-03, -2.41289008e-03, 2.83781672e-03, -5.69738587e-03,
       -6.08075457e-03, 7.72316521e-03, -7.95286521e-03, -2.26913276e-03,
       4.95213084e-03, 5.72253251e-03, 9.29260068e-03, 2.43590176e-02,
       9.13306046e-03, -1.15724774e-02, -7.58798467e-03, -7.28073996e-03,
       1.78375587e-04, -6.84349157e-04, -9.28000663e-04, -2.55280430e-03,
       -4.52480325e-03, -1.29561555e-02, 6.07163645e-03, 1.28676528e-02,
       -5.59610920e-03, 2.22014985e-03, 1.48577732e-03, 3.83363687e-03,
       7.66290538e-03, 1.26592824e-02, -6.83594169e-03, -8.98448925e-04,
       -1.30534805e-02, -2.82870780e-04, -9.66136518e-04,
       -1.37298414e-02, -3.18807038e-03, 7.76628917e-03, 4.99722641e-03,
       2.88549252e-03, 2.11030873e-03, 1.59069290e-03, 7.37323659e-04,
       -2.72270734e-03, 8.53365380e-03, 1.35517365e-03, 2.19236538e-02,
       2.23065335e-02, 1.22836437e-02, 8.92717950e-03, 1.40199997e-02,
       5.36660291e-03, -1.06928917e-03, -1.74616128e-02, -4.47706785e-03,
       1.17593044e-02, -2.33375374e-03, -5.76658733e-03, -1.43366255e-04,
       5.52275043e-04, 1.91020401e-04, -9.49450117e-03, -1.48667190e-02,
       3.39293445e-04, 1.53598096e-02, 7.83526059e-03, 1.66413619e-03,
       1.45796081e-03, 2.10960070e-03, -5.12481900e-03, -6.60380907e-03,
       -2.57094298e-02, -3.18237990e-02, 2.52207014e-04, 2.58333012e-02,
       1.66469123e-02, 2.64304075e-02, 1.01481579e-01, 6.54229298e-02,
       -1.95942037e-02, -5.19384630e-02, -4.50113900e-02,
       -1.56435072e-02, -2.98151141e-03, -1.37534235e-02, 1.65631287e-02,
       1.24606781e-01, 9.84329879e-02, -3.01752687e-02, -3.54684740e-02,
       -4.28080671e-02, -2.79945321e-02, 1.40657276e-03, 9.71162505e-03,
       1.96777862e-02, 3.64926159e-02, 1.79021817e-03, -2.35583652e-02,
       -6.76744953e-02, -6.32152557e-02, -4.16432917e-02,
       -1.29546979e-02, -2.35146247e-02, -2.48039830e-02, 4.61432002e-02,
       4.45646085e-02, 4.39688526e-02, -6.26903698e-02, -5.96422255e-02,
       -2.10680719e-02, -1.74002405e-02, -2.49881390e-02,
       -6.91604847e-03, 1.19834445e-01, 1.20409295e-01, 3.51286642e-02,
       -7.99272731e-02, -9.24140662e-02, -3.60630602e-02,
       -3.73207182e-02, -4.12028916e-02, -3.45993862e-02, 2.78452337e-02,
       1.03304073e-01, 4.19401415e-02, -6.25192001e-02, -6.23357333e-02,
       -2.45206077e-02, -2.08975673e-02, -3.23040634e-02,
       -4.55541201e-02, 4.85174134e-02, 5.73268794e-02, 6.48147166e-02,
       -7.03582019e-02, -7.28632137e-02, -4.17967141e-02,
       -4.96957898e-02, -5.82577065e-02, -8.34706575e-02,
       -2.88301911e-02, 6.62543923e-02, 4.66369577e-02, -2.83422358e-02,
       -5.17943241e-02, -2.78139245e-02, -4.52669375e-02,
       -4.51068096e-02, -1.27610005e-02, 2.28058137e-02, 7.99665377e-02,
       3.30678299e-02, 8.99695139e-03, 2.40559038e-03, -8.44714604e-03,
       -2.71635465e-02, -2.20040511e-02, 4.37716767e-02, 5.86797446e-02,
       1.61759462e-02, 9.88046005e-02, -1.64311361e-02, -2.48379353e-02,
       -1.47410734e-02, -5.85628785e-02, -6.05503060e-02,
       -7.45523572e-02, -6.50637746e-02, 8.30693170e-02, 4.68348935e-02,
       1.34212738e-02, 5.21076145e-03, -8.66646692e-03, -4.61048558e-02,
       -3.71699072e-02, -5.47111360e-03, -1.38687585e-02, 2.82128323e-02,
       1.07862020e-03, 1.30732695e-03, -6.51625451e-04, -2.53011170e-03,
       -1.19945472e-02, 2.46527838e-03, 1.25970356e-02, -1.33659015e-03,
       -4.81832167e-03, 1.35852781e-03, 1.14203373e-03, 1.47765619e-03,
       9.46770480e-04, 3.51441326e-03, 1.19728511e-02, 5.61383599e-03,
       -3.12588513e-02, -4.46955953e-03, 1.40500406e-03, 1.55848661e-03,
       -2.55056378e-03, -4.26338473e-03, -1.03286617e-02, 1.72812063e-02,
       1.59915667e-02, -6.59767771e-03, -1.52728101e-03, -1.47327920e-03,
       1.82518226e-04, -2.02357699e-03, 4.78975289e-03, 7.84509536e-03,
       1.45713761e-02, 4.13479144e-03, -2.44125724e-02, -8.17677658e-03,
       -1.27185998e-03, -1.37477582e-02, -1.36519391e-02, 4.25666524e-03,
       -2.17879727e-03, -9.65125021e-03, -7.11903849e-04,
       -2.64221511e-04, -8.29408586e-04, -9.97727364e-03,
       -1.01270135e-02, -3.86072812e-03, 1.57590304e-02, 1.70592051e-02,
       4.17654170e-03, 2.54528574e-03, -1.55000587e-03, -9.50768590e-03,
       -2.20453367e-04, -1.52723212e-03, -5.88833913e-03, 2.72116577e-03,
       -5.75290667e-03, -9.57896467e-04, 8.22199229e-03, -2.92100012e-03,
       -1.07766385e-03, -3.08388262e-03, -1.46097410e-03, 7.09325657e-04,
       8.55140761e-03, 1.32353976e-02, 1.96558330e-02, 1.05199283e-02,
       -1.77088616e-04, -2.59713666e-03, -5.00266850e-02,
       -3.53590064e-02, -4.35914323e-02, -3.07946596e-02,
       -5.14547294e-03, 2.38399804e-02, 4.99703325e-02, -5.28513314e-03,
       -8.19281191e-02, -5.25249392e-02, -2.83887554e-02,
       -3.16134803e-02, 8.98950174e-03, 3.91752012e-02, 3.79357636e-02,
       -1.00442711e-02, -2.37154644e-02, -5.34531884e-02,
