%YAML:1.0
---
_80: !!opencv-object-detector-hog
   winSize: [ 48, 48 ]
   blockSize: [ 16, 16 ]
   blockStride: [ 8, 8 ]
   cellSize: [ 8, 8 ]
   nbins: 9
   derivAperture: 1
   winSigma: 4.
   histogramNormType: 0
   L2HysThreshold: 2.0000000000000001e-01
   gammaCorrection: 1
   nlevels: 64
   signedGradient: 0
   SVMDetector: [ 5.88910840e-03, 2.03749840e-03, -1.96250714e-02,
       -4.66778409e-03, 5.69870276e-03, 2.88039492e-03, 9.68643697e-04,
       -1.77664298e-03, 7.98789610e-04, 5.12131397e-03, 1.45832635e-03,
       -1.43811237e-02, -1.14832707e-02, -1.23411149e-03,
       -1.70760986e-03, 1.56794104e-03, 8.48086085e-04, 7.46122934e-03,
       9.32868011e-03, 2.39781546e-03, -4.21400368e-03, -1.00634963e-04,
       3.55528435e-03, -6.92162372e-04, 9.35204385e-04, 1.86080148e-03,
       3.85252154e-03, 6.49801828e-03, 1.12375822e-02, -2.06129183e-03,
       -2.40029208e-03, -4.69820015e-03, -7.41733192e-03,
       -2.25316593e-03, -2.19010049e-03, 1.54716265e-03, 4.38433257e-04,
       9.67529137e-04, 1.34463320e-02, -4.63534705e-03, -3.44026266e-05,
       3.79703031e-03, 9.19381250e-03, 6.08358579e-03, 8.13333225e-03,
       3.18274880e-03, 8.24953523e-03, 2.61299070e-02, 6.11867104e-03,
       1.08775226e-02, 1.68722402e-02, 1.45335989e-02, 8.30578338e-03,
       5.56973973e-03, -6.86934264e-03, 1.31189097e-02, 3.55070597e-03,
       -6.85321586e-03, -8.96679424e-03, -8.11247155e-03,
       -7.47433864e-03, -2.31821649e-02, -1.66894961e-02,
       -1.54592646e-02, 1.56195862e-02, 1.75344162e-02, -2.98544439e-03,
       -8.07120744e-03, -7.92691950e-03, -2.24852003e-02,
       -5.51779680e-02, -4.46495041e-02, -1.42347245e-02,
       -4.68078861e-03, 1.02545815e-02, 9.44693759e-03, 1.68034546e-02,
       1.19188093e-02, 6.16563298e-03, 7.16287782e-03, -2.27962695e-02,
       -2.67333090e-02, 5.59358858e-03, 3.94833414e-03, 1.24023193e-02,
       1.81957372e-02, 5.74096106e-03, 4.62936424e-03, 1.26309274e-03,
       -9.62837227e-03, -2.86746584e-02, 4.19766940e-02, 5.98957539e-02,
       7.47791585e-03, -4.66986094e-03, -8.06352776e-03, -2.74134260e-02,
       -5.93479201e-02, -5.59858643e-02, 2.22894717e-02, 8.80204141e-02,
       1.00482516e-01, 3.42235267e-02, 4.31225775e-03, -8.10486637e-03,
       -1.36921378e-02, -1.99692342e-02, -1.48641346e-02, 3.24673107e-04,
       4.90103965e-04, 4.25110757e-03, 9.22515523e-03, 8.78066197e-03,
       4.88598039e-03, 2.91155023e-03, -1.68436728e-02, -2.16954537e-02,
       5.22241136e-03, 2.78048636e-03, 1.18530644e-02, 1.60869602e-02,
       8.86780117e-03, 5.33988792e-03, -1.03530912e-02, -1.88888498e-02,
       -1.57159716e-02, 4.02601510e-02, 7.40231872e-02, 7.74722397e-02,
       4.31714840e-02, 2.08671652e-02, -1.42023328e-03, -9.18976218e-03,
       -1.78733021e-02, -1.18978815e-02, 1.11064073e-02, 6.49106922e-03,
       1.33723682e-02, 2.10207831e-02, 9.83345322e-03, 8.58484709e-04,
       -1.66118741e-02, -8.48961715e-03, 8.34273087e-05, 3.14086140e-03,
       5.43497549e-03, 8.86308867e-03, 1.40560688e-02, 4.70291730e-03,
       -7.99679430e-04, 2.44670711e-03, -1.32024335e-02, -1.88529535e-04,
       4.53857053e-03, 2.22259946e-03, 3.40536283e-03, 2.99094687e-03,
       -1.07081775e-02, -2.46519223e-03, 1.47200236e-02, 1.07744837e-03,
       5.46225952e-03, 1.85725663e-03, 2.91345362e-03, 6.56069769e-03,
       8.53258651e-03, 1.90946402e-03, -5.84887015e-03, -3.80641990e-03,
       -8.89981166e-03, 3.61214322e-03, 2.20852229e-03, 4.47056768e-03,
       8.08755588e-03, 4.94558713e-04, -7.59841409e-03, -1.30191678e-03,
       -3.74163128e-03, 1.20618555e-03, 5.62041590e-04, 3.31535749e-03,
       2.47655693e-03, -4.57250094e-03, -4.10257792e-03, -9.92814638e-03,
       -2.24342593e-03, 2.73335056e-04, 6.69059576e-04, 2.50098848e-04,
       7.52280513e-03, 5.81582496e-03, -5.91436261e-03, 9.36592871e-04,
       -5.28723747e-03, -6.84139971e-03, -2.70937709e-03,
       -6.52294699e-03, -1.86544587e-03, 2.58347951e-03, 1.12826554e-02,
       9.75032244e-03, -1.20424235e-03, -1.77757838e-03, 1.75031915e-03,
       1.19190337e-03, 5.24256320e-04, 1.65731460e-03, 9.44431964e-03,
       5.16530685e-03, -4.44322824e-03, 2.21608276e-03, 7.57318642e-03,
       -6.38038968e-04, 5.59425971e-04, 1.91211782e-03, 8.07528943e-03,
       2.73653921e-02, 9.97698214e-03, 1.00314124e-02, -4.67727520e-03,
       -7.07184570e-03, -6.70831464e-03, -7.29248486e-03,
       -3.21297161e-02, -1.44061418e-02, 2.37827376e-02, 1.43574942e-02,
       -8.75647925e-03, -1.16416374e-02, -1.31659936e-02,
       -2.11414732e-02, -4.57920432e-02, -4.42717038e-02,
       -2.75825132e-02, 5.42387404e-02, -9.34100151e-03, -2.64179483e-02,
       -2.86400020e-02, -7.03029102e-03, 2.84748920e-03, 2.07037549e-03,
       1.83243435e-02, 5.57830855e-02, 4.40906063e-02, 3.14721349e-03,
       -2.11781077e-02, -4.27083299e-02, -2.48623788e-02,
       -3.30774300e-02, 7.72303343e-03, 2.55681537e-02, 3.78246345e-02,
       -1.18745845e-02, 6.42430931e-02, 4.85525578e-02, 3.87484301e-03,
       -7.71239353e-03, -2.65217088e-02, -5.89079745e-02,
       -5.86346984e-02, -5.28335236e-02, 1.38386702e-02, 7.94027671e-02,
       8.05319399e-02, 1.10670868e-02, -1.36612365e-02, -3.25901173e-02,
       -5.01654558e-02, -2.91418228e-02, -4.56612483e-02,
       -7.67467823e-03, 3.20021883e-02, -8.35566688e-03, -2.57427339e-02,
       -2.20611431e-02, -4.56733331e-02, 2.94898963e-03, 2.87240800e-02,
       3.28667089e-02, -2.13421118e-02, 4.40009087e-02, -1.15057291e-03,
       -2.98060272e-02, -3.79069820e-02, -5.59874587e-02, 7.62460195e-03,
       6.82377517e-02, 2.27840226e-02, 3.22028436e-02, 8.12826380e-02,
       1.01748049e-01, 5.46838306e-02, 8.36166833e-03, -4.29877974e-02,
       -5.25113568e-02, -2.70829797e-02, -2.60014385e-02,
       -9.00155120e-03, 8.37502256e-03, 1.11564463e-02, 1.44994790e-02,
       -7.03030592e-03, -1.94315966e-02, -2.41781119e-03,
       -7.13629695e-03, -5.40092494e-03, -3.15561630e-02, 4.10564803e-02,
       1.01025682e-02, -1.69363935e-02, -5.49523868e-02, -5.03113158e-02,
       5.25172614e-03, 9.12996531e-02, 8.22957791e-03, -3.17757763e-02,
       -1.27087524e-02, -1.48714865e-02, -1.90167092e-02,
       -5.73976450e-02, -4.31607105e-02, -2.56780591e-02, 1.40195163e-02,
       -1.33459689e-02, -5.18780085e-04, -5.90838376e-04, 1.78952282e-03,
       -1.60041323e-03, -9.46302991e-03, -3.00459587e-03, 2.64606439e-04,
       5.10963658e-03, 5.87562611e-03, 5.59656275e-03, 5.57777938e-03,
       9.90291778e-03, -1.73874351e-03, -6.95668720e-03, -1.93352695e-03,
       -1.96614093e-03, 9.71730892e-03, 7.43210223e-03, -1.48656231e-03,
       -2.33880174e-03, -5.04423492e-03, -8.20868928e-03,
       -1.77570898e-02, -4.42677364e-03, -1.81846635e-03, 6.14349637e-03,
       1.12366234e-03, 5.70630981e-03, 2.14251177e-03, -3.42554064e-04,
       -8.46332870e-03, -5.76523039e-03, 3.86864389e-03, 1.57890865e-03,
       1.43138971e-02, 9.16999392e-03, 1.47235696e-03, 8.98315571e-03,
       1.35211842e-02, 2.27039307e-03, -4.85238945e-03, 3.40140657e-03,
       3.73928015e-05, 6.57298078e-04, 1.05019531e-03, -6.91372901e-04,
       -1.87615247e-03, -1.01511581e-02, -1.64074339e-02, 6.65320968e-03,
       -7.69181550e-03, -5.30565996e-03, -3.65016866e-04, 4.42726072e-03,
       1.14771700e-03, 7.15616450e-04, 4.49716719e-03, -6.34603994e-03,
       -2.23791831e-05, 6.32234477e-03, 5.02964156e-03, -1.99771734e-04,
       1.53710775e-03, -6.10523904e-03, -5.40497573e-03, -5.23613300e-03,
       -8.30920693e-03, 6.11901330e-03, 1.01560634e-02, -4.89957305e-03,
       -4.74623404e-03, -4.08335775e-03, 9.61945485e-03, -2.78679486e-02,
       -4.02290709e-02, -4.54093851e-02, -2.57787555e-02,
       -1.25067476e-02, -1.55818751e-02, 4.17764373e-02, 1.02507077e-01,
       2.27867719e-02, -4.62239757e-02, -5.90615422e-02, -7.20213130e-02,
       -5.03463633e-02, -6.13581240e-02, 2.45022215e-02, 9.86764356e-02,
       1.00497358e-01, -1.53548988e-02, -1.32106766e-02, -1.40229296e-02,
