%YAML:1.0
---
stop: !!opencv-object-detector-hog
   winSize: [ 48, 48 ]
   blockSize: [ 16, 16 ]
   blockStride: [ 8, 8 ]
   cellSize: [ 8, 8 ]
   nbins: 9
   derivAperture: 1
   winSigma: 4.
   histogramNormType: 0
   L2HysThreshold: 2.0000000000000001e-01
   gammaCorrection: 1
   nlevels: 64
   signedGradient: 0
   SVMDetector: [ 4.49383957e-03, 3.45462956e-03, 1.30020622e-02,
       -8.53246194e-04, -3.50309326e-03, -3.75065953e-03,
       -2.01663328e-03, -1.96130178e-03, 1.04841171e-03, -9.33394395e-03,
       3.65018100e-03, 1.65255051e-02, -2.35439138e-03, -5.07043814e-03,
       -9.73354094e-03, -8.73023272e-03, -7.90902320e-03,
       -7.78638665e-03, -7.91313476e-04, 2.26121172e-02, 1.12284822e-02,
       -3.37893218e-02, -6.55249646e-03, -3.11052892e-03,
       -2.83859577e-03, -2.73143733e-03, -2.39637983e-03,
       -1.22611355e-02, -2.55975854e-02, 9.10928939e-03, -1.95036717e-02,
       -4.95635020e-03, -4.89985151e-03, -3.48307914e-03,
       -4.80343495e-03, -5.68753527e-03, 2.57245116e-02, 2.56893747e-02,
       2.88679823e-02, 1.34075666e-03, 2.76707811e-03, -5.84554300e-03,
       -7.54906936e-03, -4.92532318e-03, 1.10785561e-02, 1.57361496e-02,
       -2.68702284e-02, 8.87730718e-03, 7.41666043e-03, 1.08055873e-02,
       5.52190375e-03, 5.08087578e-05, 3.95093532e-03, 5.03891297e-02,
       -1.48142595e-02, -3.43488418e-02, 5.56445681e-03, -1.11698471e-04,
       1.88007578e-03, -1.58478715e-03, -2.28634151e-03, -5.08050062e-03,
       -7.38853263e-03, -4.34413813e-02, -5.72259687e-02,
       -2.04276722e-02, 5.94108133e-03, 1.23469299e-02, 7.42118014e-03,
       -6.14890410e-03, -1.36671020e-02, -2.44791359e-02,
       -1.06725460e-02, -1.89224947e-02, 1.24065047e-02, 1.40163023e-02,
       1.16013298e-02, 1.36433812e-02, 7.33344536e-03, 4.33590077e-03,
       -7.07786111e-03, -8.76667385e-04, 3.84491570e-02, 1.69261210e-02,
       9.09479614e-03, 1.95992272e-02, 3.37027125e-02, 3.77060212e-02,
       -7.04061659e-03, -1.30702406e-02, -5.29635884e-02,
       -2.74309423e-02, -1.26647437e-03, 1.34904627e-02, 3.00361644e-02,
       1.96944736e-02, -1.01736491e-03, -7.56724039e-03, -4.08378541e-02,
       -3.40010710e-02, -2.87230127e-03, -4.44819173e-03, 1.64461397e-02,
       7.06346780e-02, 6.14006110e-02, 3.15261409e-02, -9.48581938e-03,
       -4.84231226e-02, 2.17901357e-02, 4.68161190e-03, -3.85277113e-03,
       -1.28640595e-03, 2.07275003e-02, 3.34490910e-02, 4.25411277e-02,
       -2.60817464e-02, -2.82907765e-02, -1.99065544e-03,
       -8.29439983e-03, -8.18884652e-03, -6.65188255e-03, 1.21307252e-02,
       1.99248083e-02, 1.60137787e-02, -1.66183582e-03, -2.97277067e-02,
       -2.57344767e-02, -1.46461409e-02, -9.58224759e-03, 8.57349392e-03,
       7.34234154e-02, 5.56937791e-02, 2.77828425e-03, -5.53213656e-02,
       -5.70354052e-02, -8.80420953e-03, -5.13239950e-03,
       -2.28728773e-03, 8.80031660e-03, 6.83560446e-02, 2.76821721e-02,
       -1.35142580e-02, -4.00999002e-02, -3.28307152e-02,
       -7.73106189e-03, -6.29597763e-03, -7.26746442e-03,
       -1.24898963e-02, -1.00251175e-02, -6.96834829e-03, 1.77304335e-02,
       9.06834193e-03, -1.70637555e-02, -1.04815597e-02, -5.23726316e-03,
       -5.63793443e-03, -9.73604526e-03, -1.86234445e-03,
       -1.48532894e-02, 8.68298393e-03, 1.51564851e-02, -1.05421459e-02,
       -5.68318181e-03, -3.76293506e-03, -6.62327278e-03,
       -5.89822000e-03, 1.27711461e-03, -2.31287219e-02, -1.18895830e-03,
       -7.05817714e-03, -1.29960738e-02, -1.23218531e-02,
       -8.12569354e-03, -9.85486247e-03, -1.09780524e-02,
       -5.39707672e-03, -3.90546955e-02, 1.68059412e-02, 3.39030512e-02,
       -1.20279603e-02, 8.60166387e-04, 5.90105690e-02, 2.63863560e-02,
       -2.42270716e-02, 1.86809711e-02, 5.99295786e-03, -6.64782478e-04,
       2.99796695e-04, 1.00665330e-03, -3.52724944e-03, -3.39933694e-03,
       7.26372004e-03, -4.72731888e-02, -3.71725368e-03, 4.11878631e-04,
       1.69109751e-03, 1.40559999e-03, 7.83270109e-04, -5.93161851e-04,
       1.09716654e-02, 5.43562556e-03, -3.55619937e-02, 2.41078716e-02,
       2.70576868e-02, 1.40675157e-03, 1.21149840e-03, 1.19802146e-03,
       -3.37600987e-03, -5.65454550e-03, -3.75644341e-02,
       -5.94647415e-02, -2.51710527e-02, -8.36570689e-04, 3.44699505e-03,
       2.09632982e-03, 2.02172305e-04, 3.74614436e-04, -1.28925117e-02,
       -1.01720933e-02, -1.06203754e-03, 9.43193957e-03, 2.84855161e-03,
       3.07819410e-03, -3.12893069e-04, -2.22826638e-05, -2.62144003e-02,
       -2.54777018e-02, -1.42777059e-02, -4.65676794e-03, 7.89256208e-03,
       -1.67969614e-02, -2.99980585e-02, -2.00241935e-02,
       -2.54737400e-02, 3.20607494e-03, -1.03881257e-03, 3.94441711e-04,
       1.45861425e-03, 1.33171044e-02, 5.53073175e-03, 2.09322223e-03,
       -9.87511885e-05, 5.10107540e-03, 1.85220018e-02, 2.84252502e-02,
       3.75696085e-02, 1.92522816e-02, 1.47047434e-02, -1.55323930e-02,
       -1.99537110e-02, 7.83851091e-03, 2.88877189e-02, -3.43304574e-02,
       -1.49074784e-02, -4.57181316e-03, 3.63807729e-03, 2.78929342e-02,
       -1.34932632e-02, -3.35697867e-02, -2.40248982e-02,
       -3.79662514e-02, -3.45169641e-02, -1.32743055e-02,
       -4.75414935e-03, 2.04450432e-02, 7.63412416e-02, 3.74932289e-02,
       -1.85101833e-02, -1.37227280e-02, -3.37285660e-02,
       -2.55052559e-02, 2.01709457e-02, 4.64703664e-02, 9.44376178e-03,
       5.09045459e-03, -3.19471098e-02, -4.46377844e-02, -2.89240647e-02,
       -3.04476861e-02, -2.31425520e-02, 3.01012993e-02, 5.00844270e-02,
       4.92064655e-02, 6.07022420e-02, -3.22156865e-03, -3.82094681e-02,
       -2.81229783e-02, -3.27023268e-02, -4.54913564e-02,
       -2.90357713e-02, -2.18319856e-02, 7.79915741e-03, 7.91494101e-02,
       2.34336220e-02, -4.04597148e-02, -4.07307036e-02, -4.45943289e-02,
       -1.00937793e-02, -5.18673752e-03, -3.35528795e-03, 1.40255857e-02,
       8.13880116e-02, -5.55640378e-04, -3.74430604e-02, -3.00320368e-02,
       -1.87024511e-02, -4.47784364e-02, -1.28366780e-02,
       -2.04393663e-03, 1.69999283e-02, 5.79190440e-02, 4.00314666e-03,
       -4.64210771e-02, -3.88460979e-02, -4.62650992e-02,
       -1.65130422e-02, -9.62145161e-03, -9.73462965e-03, 1.01669915e-02,
       5.37838191e-02, -1.02123059e-02, -4.14875038e-02, -1.98132247e-02,
       -1.74112301e-02, 1.24172975e-05, 2.52222671e-04, 5.07754303e-05,
       5.70152188e-03, 2.81169377e-02, -3.49639580e-02, -2.03458723e-02,
       5.87097276e-03, -6.16350165e-03, -5.36704110e-03, -6.37126667e-03,
       -6.46891724e-03, 3.27869086e-03, 3.03801131e-02, -8.08923319e-03,
       8.39593261e-03, 4.84369770e-02, -3.88652063e-03, 1.11427356e-03,
       1.61069771e-03, -2.69503216e-04, 5.64398430e-03, 1.56213893e-02,
       -3.77056673e-02, -2.96492651e-02, -7.92361796e-03,
       -1.70674257e-03, -3.03848018e-03, -2.48522265e-03,
       -5.15219290e-03, 6.21711789e-03, 1.94009878e-02, -1.50194066e-02,
       -1.65541526e-02, 1.83876057e-03, -3.17947217e-03, 2.99756089e-03,
       4.20918083e-03, -4.16411040e-03, -3.75482403e-02, 4.17564698e-02,
       3.57708931e-02, -1.99587946e-03, 2.23186566e-03, 3.90771963e-03,
       -2.20859074e-03, -2.83904071e-03, -1.25551354e-02,
       -3.93411219e-02, -3.49231139e-02, -6.27086218e-03, 2.73019844e-03,
       4.90866508e-03, 1.91659469e-03, 4.77574300e-03, 2.72125588e-03,
       -3.51778488e-03, 3.75003845e-04, 4.22081202e-02, -1.28014502e-03,
       -1.13105588e-02, 2.54355883e-03, 4.72745579e-03, 1.18329823e-02,
       9.95964743e-03, 7.07824202e-03, -4.22236649e-03, -2.57729962e-02,
       -4.53138091e-02, -1.20364856e-02, -8.62215355e-04, 8.68235342e-03,
       -3.13965268e-02, -2.16087233e-02, -1.46149890e-02,
       -1.26252621e-02, -3.97215690e-03, 1.78521278e-03, 1.17967674e-03,
       -1.57224201e-03, -1.34484926e-02, -1.74373537e-02, 5.74183511e-03,
       1.80886146e-02, 5.71719324e-03, 1.84571094e-04, -1.79303531e-02,
       -2.90728919e-02, -6.32599927e-03, -1.12119969e-02, 5.19582862e-03,
