%YAML:1.0
---
model: !!opencv-object-detector-hog
   winSize: [ 48, 48 ]
   blockSize: [ 16, 16 ]
   blockStride: [ 8, 8 ]
   cellSize: [ 8, 8 ]
   nbins: 9
   derivAperture: 1
   winSigma: 4.
   histogramNormType: 0
   L2HysThreshold: 2.0000000000000001e-01
   gammaCorrection: 1
   nlevels: 64
   signedGradient: 0
   SVMDetector: [ -2.14553997e-02, 5.34467511e-02, 1.36508182e-01,
       -4.31628227e-02, -6.40702471e-02, -2.64835320e-02,
       -1.49246100e-02, -2.70587322e-03, -8.49220157e-03,
       -5.28588295e-02, 8.29848275e-02, 1.14211969e-01, -4.31071892e-02,
       -3.18056680e-02, -7.92180467e-03, -1.43633364e-02,
       -2.87778047e-03, -2.52681412e-02, -4.38084193e-02, 5.50599918e-02,
       8.32372978e-02, -2.22358573e-02, -8.89685154e-02, -2.68321391e-02,
       -6.12482036e-05, 7.98832066e-03, -1.01458747e-02, -7.95319378e-02,
       2.27845442e-02, 3.26259583e-02, -8.51952061e-02, -2.58765705e-02,
       -1.43713001e-02, -2.25018263e-02, -1.08319949e-02,
       -2.83714719e-02, 3.67623866e-02, 9.13325995e-02, 7.40886405e-02,
       -4.47586738e-02, -2.29031071e-02, -1.04439594e-02,
       -1.71410870e-02, -2.52880566e-02, -4.10013180e-03, 5.52895218e-02,
       4.82497215e-02, -2.53878552e-02, -3.94122265e-02, -2.25188676e-03,
       -8.52987170e-03, -1.21608730e-02, -2.71326136e-02, 4.13367972e-02,
       -1.99851282e-02, 2.62940321e-02, 8.19989741e-02, -4.83969040e-02,
       -1.10070053e-02, -2.23236401e-02, -2.54292767e-02, 9.75902483e-04,
       4.66511492e-03, 2.82702083e-03, -6.02669036e-03, -5.47985397e-02,
       -3.13932486e-02, -9.11598443e-04, -2.49449760e-02,
       -2.03420669e-02, 3.91845359e-03, -1.03301946e-02, 3.71420644e-02,
       1.07002947e-02, -3.51085402e-02, -1.44001283e-02, 3.54237342e-03,
       -6.35224488e-03, -2.06957180e-02, -4.65226695e-02, 2.67924573e-02,
       2.99533047e-02, -1.72989555e-02, -2.40295138e-02, -1.54937105e-02,
       -5.06007485e-03, -1.52392071e-02, -1.96928531e-02, 1.28990812e-02,
       3.16042639e-02, 1.11739533e-02, -1.10891564e-02, -2.37201210e-02,
       -1.57217626e-02, 9.44717415e-03, -1.00108085e-03, -5.07372245e-03,
       7.07946625e-03, 3.97887826e-03, 4.26205806e-03, 2.00227747e-04,
       -1.43602034e-02, -2.45933104e-02, 7.94586912e-03, -4.87305969e-03,
       -1.16124181e-02, -1.99425593e-03, 1.59374680e-02, -1.55894710e-02,
       -1.90819129e-02, -1.47000561e-02, -9.92141943e-03,
       -5.08828415e-03, -1.11772679e-02, -1.46559086e-02, 5.07537909e-02,
       4.45193350e-02, -4.00167778e-02, -2.22947486e-02, -2.06357543e-03,
       -1.29218344e-02, -2.00360939e-02, -6.96260482e-02,
       -1.80105027e-03, 3.36490422e-02, -2.51840875e-02, 2.37791352e-02,
       7.45700207e-03, -3.79808946e-03, -1.44126490e-02, 1.62398871e-02,
       -7.38698430e-03, -6.10176800e-03, 3.64556424e-02, 3.38354371e-02,
       -2.38320082e-02, -1.50090959e-02, -7.99315795e-03,
       -1.34010846e-02, 2.39301268e-02, -5.85764125e-02, 4.27861884e-02,
       3.91811579e-02, -3.90114859e-02, -4.55500819e-02, -1.42509257e-02,
       1.03904204e-02, -8.43059644e-03, -1.40235284e-02, -4.94096987e-02,
       4.95547764e-02, 5.56910485e-02, -4.53811474e-02, -2.57863514e-02,
       -1.82389803e-02, 9.75395925e-03, -4.26847581e-03, -9.46118869e-03,
       -1.28669720e-02, 5.19155450e-02, 3.74313444e-02, -3.98174897e-02,
       -1.71778928e-02, -1.76270201e-03, 1.21529661e-02, -2.02156585e-02,
       -9.99053754e-03, -6.69130236e-02, 5.01325540e-02, 6.79472685e-02,
       -5.59210628e-02, -1.87306497e-02, -1.65274944e-02, 1.01703787e-02,
       2.06343201e-03, -1.67137571e-02, 3.74530349e-03, 7.77641162e-02,
       5.90696521e-02, -5.09547703e-02, -4.50483337e-02, 3.83660570e-02,
       1.25659212e-01, 4.15878892e-02, -8.70089009e-02, -2.90275440e-02,
       -1.33285029e-02, -1.41893458e-02, -2.51514111e-02,
       -4.17678840e-02, 1.98936686e-02, 8.23401883e-02, -1.97478235e-02,
       -3.84972803e-02, -1.66303162e-02, -2.28831768e-02,
       -2.25679856e-02, -2.89608780e-02, -3.59892920e-02,
       -3.89304981e-02, 1.12850755e-01, 4.88372929e-02, 3.34142037e-02,
       -5.47180176e-02, -3.47774811e-02, -2.11339220e-02,
       -3.13527733e-02, -3.12398896e-02, -3.91847938e-02, 1.64673850e-02,
       1.59963127e-02, -3.52784395e-02, -2.77227722e-02, -1.99935343e-02,
       -3.30904648e-02, -4.57297713e-02, -3.38754021e-02,
       -3.58596705e-02, -4.09790874e-03, -9.04872790e-02,
       -1.55324228e-02, -1.70046799e-02, -1.18171033e-02, 9.04831290e-03,
       -1.94197858e-03, -2.87924912e-02, -3.60997096e-02,
       -4.60345261e-02, -3.33666056e-02, -7.55757792e-03,
       -2.25266460e-02, 7.04706647e-04, 2.17897184e-02, -1.23498542e-03,
       1.13413883e-02, 1.25784073e-02, -2.16925200e-02, -4.36724201e-02,
       -3.15648317e-02, -1.48668485e-02, -3.01753613e-03, 4.23231069e-03,
       -5.01909410e-04, 2.48769652e-02, 4.28832769e-02, 2.80180965e-02,
       1.85303967e-02, -2.56162765e-03, 2.88294628e-02, 6.02578819e-02,
       8.69554803e-02, 7.21503869e-02, -3.53752822e-02, -3.48350443e-02,
       -2.45422293e-02, -2.63252482e-02, -7.29789678e-03,
       -3.28576332e-03, 5.72695304e-03, 1.58725511e-02, -1.31559270e-02,
       -2.06531063e-02, -1.71597172e-02, -2.54457369e-02,
       -1.96738336e-02, 1.31243281e-02, 2.82123629e-02, -1.78357195e-02,
       -4.83889021e-02, -3.72123569e-02, -4.76053394e-02, 8.35486280e-04,
       2.48676408e-02, -1.76391602e-02, -3.04640625e-02, 9.56932828e-03,
       1.64996833e-02, 3.95938493e-02, 2.15889234e-03, -3.53658013e-02,
       -8.73486884e-03, 1.63216777e-02, -7.09945057e-03, 7.29072606e-03,
       -4.65376955e-03, -2.47843266e-02, -3.70887085e-03, 2.98258290e-03,
       4.95583862e-02, 3.03632785e-02, 1.29385740e-02, -7.93588534e-03,
       1.42487027e-02, 1.43038146e-02, -2.40393765e-02, -2.44379751e-02,
       1.45425946e-02, -2.30815969e-02, -1.65544078e-02, -2.25757826e-02,
       -2.48266086e-02, 3.16003747e-02, -2.12991592e-02, 1.30605092e-02,
       -5.29275602e-03, -4.94689159e-02, 3.11489217e-02, 1.30246114e-02,
       -7.87859969e-03, -1.20031592e-02, 2.93749366e-02, 9.17785615e-03,
       -1.05700018e-02, 1.04410741e-02, 4.78390716e-02, -2.32902020e-02,
       -2.60580089e-02, -3.67979147e-02, -2.64878888e-02, 3.64077352e-02,
       -4.59048990e-03, -3.25729549e-02, -5.30625209e-02,
       -4.07363586e-02, -3.16506550e-02, -5.34588890e-03,
       -2.14062585e-03, -3.26475985e-02, -1.46334600e-02, 5.03992010e-03,
       7.21958354e-02, 8.53434484e-03, -5.11489287e-02, -2.74790116e-02,
       -1.26849841e-02, -1.05068146e-03, -1.51681285e-02,
       -6.90829894e-03, 4.02536467e-02, 8.19533765e-02, 1.36450706e-02,
       -5.40293604e-02, -1.80973075e-02, -1.49926927e-03, 2.05326290e-03,
       -2.03126501e-02, 3.54405567e-02, 3.61703038e-02, 2.45295465e-02,
       -3.05779614e-02, -2.68364418e-02, 2.60640663e-04, 7.35613285e-04,
       8.81843641e-03, 3.69341066e-03, 6.83717281e-02, 2.90622432e-02,
       2.13833842e-02, -5.60499765e-02, -2.07069945e-02, -4.62049320e-02,
       -4.35331799e-02, -3.80995199e-02, 6.88748509e-02, 7.66716301e-02,
       6.46672072e-03, -3.38863097e-02, -9.86624043e-03, -3.89971659e-02,
       -3.51101644e-02, -3.19127776e-02, -1.18496958e-02, 3.39998901e-02,
       1.84580944e-02, -3.26288007e-02, -1.75834112e-02, -1.78534184e-02,
       -4.51188423e-02, -4.41462472e-02, -3.10024265e-02,
       -2.76489872e-02, 3.77790332e-02, 6.31886646e-02, 1.33220071e-03,
       -2.54273862e-02, -1.96212810e-02, -2.86330655e-02,
       -3.01676504e-02, -2.05286350e-02, -1.49463704e-02,
       -1.33717814e-02, 5.74115373e-04, -1.73280258e-02, -3.12666222e-02,
       -1.14820357e-02, -2.39629336e-02, -1.64112705e-03, 5.11227176e-03,
       1.69487987e-02, -7.47925742e-03, -3.66905332e-02, -3.33181694e-02,
       7.82024767e-03, 1.27783772e-02, -5.34317875e-03, 1.83176566e-02,
       3.63608599e-02, 3.43937576e-02, 4.95179333e-02, -4.05336777e-03,
       4.32034582e-02, 7.62144178e-02, 8.12701955e-02, 6.72730803e-02,
